0.5000000
0.5000000



0.6666667
0.1666667
0.8333333



0.7500000
0.1666667
0.1666667
0.0833333
1.1666667



0.8000000
0.1500000
0.1500000
0.0666667
0.1500000
0.0666667
0.0666667
0.0500000
1.5000000



0.8333333
0.1333333
0.1333333
0.0500000
0.1333333
0.0500000
0.0500000
0.0333333
0.1333333
0.0500000
0.0500000
0.0333333
0.0500000
0.0333333
0.0333333
0.0333333
1.8333333



0.8571429
0.1190476
0.1190476
0.0380952
0.1190476
0.0380952
0.0380952
0.0214286
0.1190476
0.0380952
0.0380952
0.0214286
0.0380952
0.0214286
0.0214286
0.0190476
0.1190476
0.0380952
0.0380952
0.0214286
0.0380952
0.0214286
0.0214286
0.0190476
0.0380952
0.0214286
0.0214286
0.0190476
0.0214286
0.0190476
0.0190476
0.0238095
2.1666667



0.8750000
0.1071429
0.1071429
0.0297619
0.1071429
0.0297619
0.0297619
0.0142857
0.1071429
0.0297619
0.0297619
0.0142857
0.0297619
0.0142857
0.0142857
0.0107143
0.1071429
0.0297619
0.0297619
0.0142857
0.0297619
0.0142857
0.0142857
0.0107143
0.0297619
0.0142857
0.0142857
0.0107143
0.0142857
0.0107143
0.0107143
0.0119048
0.1071429
0.0297619
0.0297619
0.0142857
0.0297619
0.0142857
0.0142857
0.0107143
0.0297619
0.0142857
0.0142857
0.0107143
0.0142857
0.0107143
0.0107143
0.0119048
0.0297619
0.0142857
0.0142857
0.0107143
0.0142857
0.0107143
0.0107143
0.0119048
0.0142857
0.0107143
0.0107143
0.0119048
0.0107143
0.0119048
0.0119048
0.0178571
2.5000000



0.8888889
0.0972222
0.0972222
0.0238095
0.0972222
0.0238095
0.0238095
0.0099206
0.0972222
0.0238095
0.0238095
0.0099206
0.0238095
0.0099206
0.0099206
0.0063492
0.0972222
0.0238095
0.0238095
0.0099206
0.0238095
0.0099206
0.0099206
0.0063492
0.0238095
0.0099206
0.0099206
0.0063492
0.0099206
0.0063492
0.0063492
0.0059524
0.0972222
0.0238095
0.0238095
0.0099206
0.0238095
0.0099206
0.0099206
0.0063492
0.0238095
0.0099206
0.0099206
0.0063492
0.0099206
0.0063492
0.0063492
0.0059524
0.0238095
0.0099206
0.0099206
0.0063492
0.0099206
0.0063492
0.0063492
0.0059524
0.0099206
0.0063492
0.0063492
0.0059524
0.0063492
0.0059524
0.0059524
0.0079365
0.0972222
0.0238095
0.0238095
0.0099206
0.0238095
0.0099206
0.0099206
0.0063492
0.0238095
0.0099206
0.0099206
0.0063492
0.0099206
0.0063492
0.0063492
0.0059524
0.0238095
0.0099206
0.0099206
0.0063492
0.0099206
0.0063492
0.0063492
0.0059524
0.0099206
0.0063492
0.0063492
0.0059524
0.0063492
0.0059524
0.0059524
0.0079365
0.0238095
0.0099206
0.0099206
0.0063492
0.0099206
0.0063492
0.0063492
0.0059524
0.0099206
0.0063492
0.0063492
0.0059524
0.0063492
0.0059524
0.0059524
0.0079365
0.0099206
0.0063492
0.0063492
0.0059524
0.0063492
0.0059524
0.0059524
0.0079365
0.0063492
0.0059524
0.0059524
0.0079365
0.0059524
0.0079365
0.0079365
0.0138889
2.8333333



0.9000000
0.0888889
0.0888889
0.0194444
0.0888889
0.0194444
0.0194444
0.0071429
0.0888889
0.0194444
0.0194444
0.0071429
0.0194444
0.0071429
0.0071429
0.0039683
0.0888889
0.0194444
0.0194444
0.0071429
0.0194444
0.0071429
0.0071429
0.0039683
0.0194444
0.0071429
0.0071429
0.0039683
0.0071429
0.0039683
0.0039683
0.0031746
0.0888889
0.0194444
0.0194444
0.0071429
0.0194444
0.0071429
0.0071429
0.0039683
0.0194444
0.0071429
0.0071429
0.0039683
0.0071429
0.0039683
0.0039683
0.0031746
0.0194444
0.0071429
0.0071429
0.0039683
0.0071429
0.0039683
0.0039683
0.0031746
0.0071429
0.0039683
0.0039683
0.0031746
0.0039683
0.0031746
0.0031746
0.0035714
0.0888889
0.0194444
0.0194444
0.0071429
0.0194444
0.0071429
0.0071429
0.0039683
0.0194444
0.0071429
0.0071429
0.0039683
0.0071429
0.0039683
0.0039683
0.0031746
0.0194444
0.0071429
0.0071429
0.0039683
0.0071429
0.0039683
0.0039683
0.0031746
0.0071429
0.0039683
0.0039683
0.0031746
0.0039683
0.0031746
0.0031746
0.0035714
0.0194444
0.0071429
0.0071429
0.0039683
0.0071429
0.0039683
0.0039683
0.0031746
0.0071429
0.0039683
0.0039683
0.0031746
0.0039683
0.0031746
0.0031746
0.0035714
0.0071429
0.0039683
0.0039683
0.0031746
0.0039683
0.0031746
0.0031746
0.0035714
0.0039683
0.0031746
0.0031746
0.0035714
0.0031746
0.0035714
0.0035714
0.0055556
0.0888889
0.0194444
0.0194444
0.0071429
0.0194444
0.0071429
0.0071429
0.0039683
0.0194444
0.0071429
0.0071429
0.0039683
0.0071429
0.0039683
0.0039683
0.0031746
0.0194444
0.0071429
0.0071429
0.0039683
0.0071429
0.0039683
0.0039683
0.0031746
0.0071429
0.0039683
0.0039683
0.0031746
0.0039683
0.0031746
0.0031746
0.0035714
0.0194444
0.0071429
0.0071429
0.0039683
0.0071429
0.0039683
0.0039683
0.0031746
0.0071429
0.0039683
0.0039683
0.0031746
0.0039683
0.0031746
0.0031746
0.0035714
0.0071429
0.0039683
0.0039683
0.0031746
0.0039683
0.0031746
0.0031746
0.0035714
0.0039683
0.0031746
0.0031746
0.0035714
0.0031746
0.0035714
0.0035714
0.0055556
0.0194444
0.0071429
0.0071429
0.0039683
0.0071429
0.0039683
0.0039683
0.0031746
0.0071429
0.0039683
0.0039683
0.0031746
0.0039683
0.0031746
0.0031746
0.0035714
0.0071429
0.0039683
0.0039683
0.0031746
0.0039683
0.0031746
0.0031746
0.0035714
0.0039683
0.0031746
0.0031746
0.0035714
0.0031746
0.0035714
0.0035714
0.0055556
0.0071429
0.0039683
0.0039683
0.0031746
0.0039683
0.0031746
0.0031746
0.0035714
0.0039683
0.0031746
0.0031746
0.0035714
0.0031746
0.0035714
0.0035714
0.0055556
0.0039683
0.0031746
0.0031746
0.0035714
0.0031746
0.0035714
0.0035714
0.0055556
0.0031746
0.0035714
0.0035714
0.0055556
0.0035714
0.0055556
0.0055556
0.0111111
3.1666667



0.9090909
0.0818182
0.0818182
0.0161616
0.0818182
0.0161616
0.0161616
0.0053030
0.0818182
0.0161616
0.0161616
0.0053030
0.0161616
0.0053030
0.0053030
0.0025974
0.0818182
0.0161616
0.0161616
0.0053030
0.0161616
0.0053030
0.0053030
0.0025974
0.0161616
0.0053030
0.0053030
0.0025974
0.0053030
0.0025974
0.0025974
0.0018038
0.0818182
0.0161616
0.0161616
0.0053030
0.0161616
0.0053030
0.0053030
0.0025974
0.0161616
0.0053030
0.0053030
0.0025974
0.0053030
0.0025974
0.0025974
0.0018038
0.0161616
0.0053030
0.0053030
0.0025974
0.0053030
0.0025974
0.0025974
0.0018038
0.0053030
0.0025974
0.0025974
0.0018038
0.0025974
0.0018038
0.0018038
0.0017316
0.0818182
0.0161616
0.0161616
0.0053030
0.0161616
0.0053030
0.0053030
0.0025974
0.0161616
0.0053030
0.0053030
0.0025974
0.0053030
0.0025974
0.0025974
0.0018038
0.0161616
0.0053030
0.0053030
0.0025974
0.0053030
0.0025974
0.0025974
0.0018038
0.0053030
0.0025974
0.0025974
0.0018038
0.0025974
0.0018038
0.0018038
0.0017316
0.0161616
0.0053030
0.0053030
0.0025974
0.0053030
0.0025974
0.0025974
0.0018038
0.0053030
0.0025974
0.0025974
0.0018038
0.0025974
0.0018038
0.0018038
0.0017316
0.0053030
0.0025974
0.0025974
0.0018038
0.0025974
0.0018038
0.0018038
0.0017316
0.0025974
0.0018038
0.0018038
0.0017316
0.0018038
0.0017316
0.0017316
0.0022727
0.0818182
0.0161616
0.0161616
0.0053030
0.0161616
0.0053030
0.0053030
0.0025974
0.0161616
0.0053030
0.0053030
0.0025974
0.0053030
0.0025974
0.0025974
0.0018038
0.0161616
0.0053030
0.0053030
0.0025974
0.0053030
0.0025974
0.0025974
0.0018038
0.0053030
0.0025974
0.0025974
0.0018038
0.0025974
0.0018038
0.0018038
0.0017316
0.0161616
0.0053030
0.0053030
0.0025974
0.0053030
0.0025974
0.0025974
0.0018038
0.0053030
0.0025974
0.0025974
0.0018038
0.0025974
0.0018038
0.0018038
0.0017316
0.0053030
0.0025974
0.0025974
0.0018038
0.0025974
0.0018038
0.0018038
0.0017316
0.0025974
0.0018038
0.0018038
0.0017316
0.0018038
0.0017316
0.0017316
0.0022727
0.0161616
0.0053030
0.0053030
0.0025974
0.0053030
0.0025974
0.0025974
0.0018038
0.0053030
0.0025974
0.0025974
0.0018038
0.0025974
0.0018038
0.0018038
0.0017316
0.0053030
0.0025974
0.0025974
0.0018038
0.0025974
0.0018038
0.0018038
0.0017316
0.0025974
0.0018038
0.0018038
0.0017316
0.0018038
0.0017316
0.0017316
0.0022727
0.0053030
0.0025974
0.0025974
0.0018038
0.0025974
0.0018038
0.0018038
0.0017316
0.0025974
0.0018038
0.0018038
0.0017316
0.0018038
0.0017316
0.0017316
0.0022727
0.0025974
0.0018038
0.0018038
0.0017316
0.0018038
0.0017316
0.0017316
0.0022727
0.0018038
0.0017316
0.0017316
0.0022727
0.0017316
0.0022727
0.0022727
0.0040404
0.0818182
0.0161616
0.0161616
0.0053030
0.0161616
0.0053030
0.0053030
0.0025974
0.0161616
0.0053030
0.0053030
0.0025974
0.0053030
0.0025974
0.0025974
0.0018038
0.0161616
0.0053030
0.0053030
0.0025974
0.0053030
0.0025974
0.0025974
0.0018038
0.0053030
0.0025974
0.0025974
0.0018038
0.0025974
0.0018038
0.0018038
0.0017316
0.0161616
0.0053030
0.0053030
0.0025974
0.0053030
0.0025974
0.0025974
0.0018038
0.0053030
0.0025974
0.0025974
0.0018038
0.0025974
0.0018038
0.0018038
0.0017316
0.0053030
0.0025974
0.0025974
0.0018038
0.0025974
0.0018038
0.0018038
0.0017316
0.0025974
0.0018038
0.0018038
0.0017316
0.0018038
0.0017316
0.0017316
0.0022727
0.0161616
0.0053030
0.0053030
0.0025974
0.0053030
0.0025974
0.0025974
0.0018038
0.0053030
0.0025974
0.0025974
0.0018038
0.0025974
0.0018038
0.0018038
0.0017316
0.0053030
0.0025974
0.0025974
0.0018038
0.0025974
0.0018038
0.0018038
0.0017316
0.0025974
0.0018038
0.0018038
0.0017316
0.0018038
0.0017316
0.0017316
0.0022727
0.0053030
0.0025974
0.0025974
0.0018038
0.0025974
0.0018038
0.0018038
0.0017316
0.0025974
0.0018038
0.0018038
0.0017316
0.0018038
0.0017316
0.0017316
0.0022727
0.0025974
0.0018038
0.0018038
0.0017316
0.0018038
0.0017316
0.0017316
0.0022727
0.0018038
0.0017316
0.0017316
0.0022727
0.0017316
0.0022727
0.0022727
0.0040404
0.0161616
0.0053030
0.0053030
0.0025974
0.0053030
0.0025974
0.0025974
0.0018038
0.0053030
0.0025974
0.0025974
0.0018038
0.0025974
0.0018038
0.0018038
0.0017316
0.0053030
0.0025974
0.0025974
0.0018038
0.0025974
0.0018038
0.0018038
0.0017316
0.0025974
0.0018038
0.0018038
0.0017316
0.0018038
0.0017316
0.0017316
0.0022727
0.0053030
0.0025974
0.0025974
0.0018038
0.0025974
0.0018038
0.0018038
0.0017316
0.0025974
0.0018038
0.0018038
0.0017316
0.0018038
0.0017316
0.0017316
0.0022727
0.0025974
0.0018038
0.0018038
0.0017316
0.0018038
0.0017316
0.0017316
0.0022727
0.0018038
0.0017316
0.0017316
0.0022727
0.0017316
0.0022727
0.0022727
0.0040404
0.0053030
0.0025974
0.0025974
0.0018038
0.0025974
0.0018038
0.0018038
0.0017316
0.0025974
0.0018038
0.0018038
0.0017316
0.0018038
0.0017316
0.0017316
0.0022727
0.0025974
0.0018038
0.0018038
0.0017316
0.0018038
0.0017316
0.0017316
0.0022727
0.0018038
0.0017316
0.0017316
0.0022727
0.0017316
0.0022727
0.0022727
0.0040404
0.0025974
0.0018038
0.0018038
0.0017316
0.0018038
0.0017316
0.0017316
0.0022727
0.0018038
0.0017316
0.0017316
0.0022727
0.0017316
0.0022727
0.0022727
0.0040404
0.0018038
0.0017316
0.0017316
0.0022727
0.0017316
0.0022727
0.0022727
0.0040404
0.0017316
0.0022727
0.0022727
0.0040404
0.0022727
0.0040404
0.0040404
0.0090909
3.5000000



0.9166667
0.0757576
0.0757576
0.0136364
0.0757576
0.0136364
0.0136364
0.0040404
0.0757576
0.0136364
0.0136364
0.0040404
0.0136364
0.0040404
0.0040404
0.0017677
0.0757576
0.0136364
0.0136364
0.0040404
0.0136364
0.0040404
0.0040404
0.0017677
0.0136364
0.0040404
0.0040404
0.0017677
0.0040404
0.0017677
0.0017677
0.0010823
0.0757576
0.0136364
0.0136364
0.0040404
0.0136364
0.0040404
0.0040404
0.0017677
0.0136364
0.0040404
0.0040404
0.0017677
0.0040404
0.0017677
0.0017677
0.0010823
0.0136364
0.0040404
0.0040404
0.0017677
0.0040404
0.0017677
0.0017677
0.0010823
0.0040404
0.0017677
0.0017677
0.0010823
0.0017677
0.0010823
0.0010823
0.0009019
0.0757576
0.0136364
0.0136364
0.0040404
0.0136364
0.0040404
0.0040404
0.0017677
0.0136364
0.0040404
0.0040404
0.0017677
0.0040404
0.0017677
0.0017677
0.0010823
0.0136364
0.0040404
0.0040404
0.0017677
0.0040404
0.0017677
0.0017677
0.0010823
0.0040404
0.0017677
0.0017677
0.0010823
0.0017677
0.0010823
0.0010823
0.0009019
0.0136364
0.0040404
0.0040404
0.0017677
0.0040404
0.0017677
0.0017677
0.0010823
0.0040404
0.0017677
0.0017677
0.0010823
0.0017677
0.0010823
0.0010823
0.0009019
0.0040404
0.0017677
0.0017677
0.0010823
0.0017677
0.0010823
0.0010823
0.0009019
0.0017677
0.0010823
0.0010823
0.0009019
0.0010823
0.0009019
0.0009019
0.0010101
0.0757576
0.0136364
0.0136364
0.0040404
0.0136364
0.0040404
0.0040404
0.0017677
0.0136364
0.0040404
0.0040404
0.0017677
0.0040404
0.0017677
0.0017677
0.0010823
0.0136364
0.0040404
0.0040404
0.0017677
0.0040404
0.0017677
0.0017677
0.0010823
0.0040404
0.0017677
0.0017677
0.0010823
0.0017677
0.0010823
0.0010823
0.0009019
0.0136364
0.0040404
0.0040404
0.0017677
0.0040404
0.0017677
0.0017677
0.0010823
0.0040404
0.0017677
0.0017677
0.0010823
0.0017677
0.0010823
0.0010823
0.0009019
0.0040404
0.0017677
0.0017677
0.0010823
0.0017677
0.0010823
0.0010823
0.0009019
0.0017677
0.0010823
0.0010823
0.0009019
0.0010823
0.0009019
0.0009019
0.0010101
0.0136364
0.0040404
0.0040404
0.0017677
0.0040404
0.0017677
0.0017677
0.0010823
0.0040404
0.0017677
0.0017677
0.0010823
0.0017677
0.0010823
0.0010823
0.0009019
0.0040404
0.0017677
0.0017677
0.0010823
0.0017677
0.0010823
0.0010823
0.0009019
0.0017677
0.0010823
0.0010823
0.0009019
0.0010823
0.0009019
0.0009019
0.0010101
0.0040404
0.0017677
0.0017677
0.0010823
0.0017677
0.0010823
0.0010823
0.0009019
0.0017677
0.0010823
0.0010823
0.0009019
0.0010823
0.0009019
0.0009019
0.0010101
0.0017677
0.0010823
0.0010823
0.0009019
0.0010823
0.0009019
0.0009019
0.0010101
0.0010823
0.0009019
0.0009019
0.0010101
0.0009019
0.0010101
0.0010101
0.0015152
0.0757576
0.0136364
0.0136364
0.0040404
0.0136364
0.0040404
0.0040404
0.0017677
0.0136364
0.0040404
0.0040404
0.0017677
0.0040404
0.0017677
0.0017677
0.0010823
0.0136364
0.0040404
0.0040404
0.0017677
0.0040404
0.0017677
0.0017677
0.0010823
0.0040404
0.0017677
0.0017677
0.0010823
0.0017677
0.0010823
0.0010823
0.0009019
0.0136364
0.0040404
0.0040404
0.0017677
0.0040404
0.0017677
0.0017677
0.0010823
0.0040404
0.0017677
0.0017677
0.0010823
0.0017677
0.0010823
0.0010823
0.0009019
0.0040404
0.0017677
0.0017677
0.0010823
0.0017677
0.0010823
0.0010823
0.0009019
0.0017677
0.0010823
0.0010823
0.0009019
0.0010823
0.0009019
0.0009019
0.0010101
0.0136364
0.0040404
0.0040404
0.0017677
0.0040404
0.0017677
0.0017677
0.0010823
0.0040404
0.0017677
0.0017677
0.0010823
0.0017677
0.0010823
0.0010823
0.0009019
0.0040404
0.0017677
0.0017677
0.0010823
0.0017677
0.0010823
0.0010823
0.0009019
0.0017677
0.0010823
0.0010823
0.0009019
0.0010823
0.0009019
0.0009019
0.0010101
0.0040404
0.0017677
0.0017677
0.0010823
0.0017677
0.0010823
0.0010823
0.0009019
0.0017677
0.0010823
0.0010823
0.0009019
0.0010823
0.0009019
0.0009019
0.0010101
0.0017677
0.0010823
0.0010823
0.0009019
0.0010823
0.0009019
0.0009019
0.0010101
0.0010823
0.0009019
0.0009019
0.0010101
0.0009019
0.0010101
0.0010101
0.0015152
0.0136364
0.0040404
0.0040404
0.0017677
0.0040404
0.0017677
0.0017677
0.0010823
0.0040404
0.0017677
0.0017677
0.0010823
0.0017677
0.0010823
0.0010823
0.0009019
0.0040404
0.0017677
0.0017677
0.0010823
0.0017677
0.0010823
0.0010823
0.0009019
0.0017677
0.0010823
0.0010823
0.0009019
0.0010823
0.0009019
0.0009019
0.0010101
0.0040404
0.0017677
0.0017677
0.0010823
0.0017677
0.0010823
0.0010823
0.0009019
0.0017677
0.0010823
0.0010823
0.0009019
0.0010823
0.0009019
0.0009019
0.0010101
0.0017677
0.0010823
0.0010823
0.0009019
0.0010823
0.0009019
0.0009019
0.0010101
0.0010823
0.0009019
0.0009019
0.0010101
0.0009019
0.0010101
0.0010101
0.0015152
0.0040404
0.0017677
0.0017677
0.0010823
0.0017677
0.0010823
0.0010823
0.0009019
0.0017677
0.0010823
0.0010823
0.0009019
0.0010823
0.0009019
0.0009019
0.0010101
0.0017677
0.0010823
0.0010823
0.0009019
0.0010823
0.0009019
0.0009019
0.0010101
0.0010823
0.0009019
0.0009019
0.0010101
0.0009019
0.0010101
0.0010101
0.0015152
0.0017677
0.0010823
0.0010823
0.0009019
0.0010823
0.0009019
0.0009019
0.0010101
0.0010823
0.0009019
0.0009019
0.0010101
0.0009019
0.0010101
0.0010101
0.0015152
0.0010823
0.0009019
0.0009019
0.0010101
0.0009019
0.0010101
0.0010101
0.0015152
0.0009019
0.0010101
0.0010101
0.0015152
0.0010101
0.0015152
0.0015152
0.0030303
0.0757576
0.0136364
0.0136364
0.0040404
0.0136364
0.0040404
0.0040404
0.0017677
0.0136364
0.0040404
0.0040404
0.0017677
0.0040404
0.0017677
0.0017677
0.0010823
0.0136364
0.0040404
0.0040404
0.0017677
0.0040404
0.0017677
0.0017677
0.0010823
0.0040404
0.0017677
0.0017677
0.0010823
0.0017677
0.0010823
0.0010823
0.0009019
0.0136364
0.0040404
0.0040404
0.0017677
0.0040404
0.0017677
0.0017677
0.0010823
0.0040404
0.0017677
0.0017677
0.0010823
0.0017677
0.0010823
0.0010823
0.0009019
0.0040404
0.0017677
0.0017677
0.0010823
0.0017677
0.0010823
0.0010823
0.0009019
0.0017677
0.0010823
0.0010823
0.0009019
0.0010823
0.0009019
0.0009019
0.0010101
0.0136364
0.0040404
0.0040404
0.0017677
0.0040404
0.0017677
0.0017677
0.0010823
0.0040404
0.0017677
0.0017677
0.0010823
0.0017677
0.0010823
0.0010823
0.0009019
0.0040404
0.0017677
0.0017677
0.0010823
0.0017677
0.0010823
0.0010823
0.0009019
0.0017677
0.0010823
0.0010823
0.0009019
0.0010823
0.0009019
0.0009019
0.0010101
0.0040404
0.0017677
0.0017677
0.0010823
0.0017677
0.0010823
0.0010823
0.0009019
0.0017677
0.0010823
0.0010823
0.0009019
0.0010823
0.0009019
0.0009019
0.0010101
0.0017677
0.0010823
0.0010823
0.0009019
0.0010823
0.0009019
0.0009019
0.0010101
0.0010823
0.0009019
0.0009019
0.0010101
0.0009019
0.0010101
0.0010101
0.0015152
0.0136364
0.0040404
0.0040404
0.0017677
0.0040404
0.0017677
0.0017677
0.0010823
0.0040404
0.0017677
0.0017677
0.0010823
0.0017677
0.0010823
0.0010823
0.0009019
0.0040404
0.0017677
0.0017677
0.0010823
0.0017677
0.0010823
0.0010823
0.0009019
0.0017677
0.0010823
0.0010823
0.0009019
0.0010823
0.0009019
0.0009019
0.0010101
0.0040404
0.0017677
0.0017677
0.0010823
0.0017677
0.0010823
0.0010823
0.0009019
0.0017677
0.0010823
0.0010823
0.0009019
0.0010823
0.0009019
0.0009019
0.0010101
0.0017677
0.0010823
0.0010823
0.0009019
0.0010823
0.0009019
0.0009019
0.0010101
0.0010823
0.0009019
0.0009019
0.0010101
0.0009019
0.0010101
0.0010101
0.0015152
0.0040404
0.0017677
0.0017677
0.0010823
0.0017677
0.0010823
0.0010823
0.0009019
0.0017677
0.0010823
0.0010823
0.0009019
0.0010823
0.0009019
0.0009019
0.0010101
0.0017677
0.0010823
0.0010823
0.0009019
0.0010823
0.0009019
0.0009019
0.0010101
0.0010823
0.0009019
0.0009019
0.0010101
0.0009019
0.0010101
0.0010101
0.0015152
0.0017677
0.0010823
0.0010823
0.0009019
0.0010823
0.0009019
0.0009019
0.0010101
0.0010823
0.0009019
0.0009019
0.0010101
0.0009019
0.0010101
0.0010101
0.0015152
0.0010823
0.0009019
0.0009019
0.0010101
0.0009019
0.0010101
0.0010101
0.0015152
0.0009019
0.0010101
0.0010101
0.0015152
0.0010101
0.0015152
0.0015152
0.0030303
0.0136364
0.0040404
0.0040404
0.0017677
0.0040404
0.0017677
0.0017677
0.0010823
0.0040404
0.0017677
0.0017677
0.0010823
0.0017677
0.0010823
0.0010823
0.0009019
0.0040404
0.0017677
0.0017677
0.0010823
0.0017677
0.0010823
0.0010823
0.0009019
0.0017677
0.0010823
0.0010823
0.0009019
0.0010823
0.0009019
0.0009019
0.0010101
0.0040404
0.0017677
0.0017677
0.0010823
0.0017677
0.0010823
0.0010823
0.0009019
0.0017677
0.0010823
0.0010823
0.0009019
0.0010823
0.0009019
0.0009019
0.0010101
0.0017677
0.0010823
0.0010823
0.0009019
0.0010823
0.0009019
0.0009019
0.0010101
0.0010823
0.0009019
0.0009019
0.0010101
0.0009019
0.0010101
0.0010101
0.0015152
0.0040404
0.0017677
0.0017677
0.0010823
0.0017677
0.0010823
0.0010823
0.0009019
0.0017677
0.0010823
0.0010823
0.0009019
0.0010823
0.0009019
0.0009019
0.0010101
0.0017677
0.0010823
0.0010823
0.0009019
0.0010823
0.0009019
0.0009019
0.0010101
0.0010823
0.0009019
0.0009019
0.0010101
0.0009019
0.0010101
0.0010101
0.0015152
0.0017677
0.0010823
0.0010823
0.0009019
0.0010823
0.0009019
0.0009019
0.0010101
0.0010823
0.0009019
0.0009019
0.0010101
0.0009019
0.0010101
0.0010101
0.0015152
0.0010823
0.0009019
0.0009019
0.0010101
0.0009019
0.0010101
0.0010101
0.0015152
0.0009019
0.0010101
0.0010101
0.0015152
0.0010101
0.0015152
0.0015152
0.0030303
0.0040404
0.0017677
0.0017677
0.0010823
0.0017677
0.0010823
0.0010823
0.0009019
0.0017677
0.0010823
0.0010823
0.0009019
0.0010823
0.0009019
0.0009019
0.0010101
0.0017677
0.0010823
0.0010823
0.0009019
0.0010823
0.0009019
0.0009019
0.0010101
0.0010823
0.0009019
0.0009019
0.0010101
0.0009019
0.0010101
0.0010101
0.0015152
0.0017677
0.0010823
0.0010823
0.0009019
0.0010823
0.0009019
0.0009019
0.0010101
0.0010823
0.0009019
0.0009019
0.0010101
0.0009019
0.0010101
0.0010101
0.0015152
0.0010823
0.0009019
0.0009019
0.0010101
0.0009019
0.0010101
0.0010101
0.0015152
0.0009019
0.0010101
0.0010101
0.0015152
0.0010101
0.0015152
0.0015152
0.0030303
0.0017677
0.0010823
0.0010823
0.0009019
0.0010823
0.0009019
0.0009019
0.0010101
0.0010823
0.0009019
0.0009019
0.0010101
0.0009019
0.0010101
0.0010101
0.0015152
0.0010823
0.0009019
0.0009019
0.0010101
0.0009019
0.0010101
0.0010101
0.0015152
0.0009019
0.0010101
0.0010101
0.0015152
0.0010101
0.0015152
0.0015152
0.0030303
0.0010823
0.0009019
0.0009019
0.0010101
0.0009019
0.0010101
0.0010101
0.0015152
0.0009019
0.0010101
0.0010101
0.0015152
0.0010101
0.0015152
0.0015152
0.0030303
0.0009019
0.0010101
0.0010101
0.0015152
0.0010101
0.0015152
0.0015152
0.0030303
0.0010101
0.0015152
0.0015152
0.0030303
0.0015152
0.0030303
0.0030303
0.0075758
3.8333333



