2 
2 
11 
01 
4 
3 
110 
101 
111 
011 
1 
1 
1 
1 
1 
0 
3 
4 
1111 
1001 
1001 
4 
4 
1111 
1111 
1001 
1001 
3 
3 
111 
111 
111 
4 
4 
1111 
1111 
1111 
1111 
5 
5 
11111 
11111 
11111 
11111 
11111 
3 
3 
111 
101 
111 
6 
6 
111111 
100001 
100001 
100001 
100001 
111111 
4 
4 
1011 
1100 
1011 
1111 
5 
5 
11101 
01001 
10110 
11001 
01101 
4 
7 
1011011 
1110001 
1011111 
1011011 
10 
10 
1110001111 
0101010101 
1100110011 
1110111100 
1111111100 
0011001111 
1101101111 
1111111111 
0000000000 
0000000000 
4 
4 
0000 
0000 
0000 
0000 
2 
4 
0000 
0000 
2 
4 
1111 
1111 
0 
