20
25
11
70
73
67
41
81
23
67
81
79
78
44
22
20
7
40
57
24
40
74
59
90
72
69
34
21
66
85
62
35
17
11
72
28
29
56
18
28
89
26
28
27
70
79
79
36
0
30
28
27
33
8
13
78
79
16
0
36
88
5
41
57
64
7
31365480
19733752
16868271
180665351
246181259
92797859
336504335
202084270
111166003
355904501
64026652
115656044
216045942
439325854
42776096
67708182
483756786
114264359
80240913
4098510
116933739
69407606
152929103
17535876
401228067
2086313
307471287
16180677
21769969
86155795
212161256
30484380
195707932
131912240
