1
5
11
36
95
281
781
2245
6336
18061
51205
145601
413351
1174500
3335651
9475901
26915305
76455961
217172736
616891945
752296274
977472753
138673297
161441356
79984313
48391637
471081261
631582403
955396018
535997629
473478826
477280565
425276292
749160300
879343485
573140684
293742082
289628666
452136268
620880989
877448899
144361418
700350606
678725599
447391127
397008282
612338896
366045820
377357434
422917134
63411214
189308484
551924254
138960747
24479266
81898764
791331594
86343926
100421366
241573819
38692981
260639509
595256867
695573567
893804409
706289574
275628284
5306968
195933546
791807103
501153510
650815575
752456661
715880922
627826264
308871932
411427492
867732487
605915601
47133561
533016540
506867459
613168105
633388358
673079781
946322196
331941326
103243694
36192725
938030332
890296325
513396981
866716178
385967055
342648573
625803031
858296766
943993418
518631671
471092461
